{"nbformat":4,"nbformat_minor":0,"metadata":{"colab":{"provenance":[],"authorship_tag":"ABX9TyPqcRaljAkV92Ys78JyZ21M"},"kernelspec":{"name":"python3","display_name":"Python 3"},"language_info":{"name":"python"}},"cells":[{"cell_type":"code","execution_count":1,"metadata":{"id":"fQ_suUQp-pKG","executionInfo":{"status":"ok","timestamp":1762244883405,"user_tz":-480,"elapsed":23,"user":{"displayName":"25006355 student","userId":"12967127261872509436"}}},"outputs":[],"source":["import numpy as np\n"]},{"cell_type":"code","source":["array_2x2 = np.array([[1, 2],\n","                      [3, 4]])\n","print(\"1. 2x2 Array:\")\n","print(array_2x2)"],"metadata":{"colab":{"base_uri":"https://localhost:8080/"},"id":"DyrRTyEU-v-A","executionInfo":{"status":"ok","timestamp":1762244892273,"user_tz":-480,"elapsed":17,"user":{"displayName":"25006355 student","userId":"12967127261872509436"}},"outputId":"5c9237ae-5631-4c10-84de-d0a074aebb3f"},"execution_count":2,"outputs":[{"output_type":"stream","name":"stdout","text":["1. 2x2 Array:\n","[[1 2]\n"," [3 4]]\n"]}]},{"cell_type":"code","source":["random_3x4 = np.random.rand(3, 4)\n","print(\"2. Random 3x4 Array:\")\n","print(random_3x4)\n"],"metadata":{"colab":{"base_uri":"https://localhost:8080/"},"id":"KI7JJUXu-ygE","executionInfo":{"status":"ok","timestamp":1762244909530,"user_tz":-480,"elapsed":10,"user":{"displayName":"25006355 student","userId":"12967127261872509436"}},"outputId":"2daa7161-076b-4bcc-c88b-4cec58bf9715"},"execution_count":3,"outputs":[{"output_type":"stream","name":"stdout","text":["2. Random 3x4 Array:\n","[[0.59636564 0.28194126 0.87402084 0.80864789]\n"," [0.27726546 0.41339568 0.30794853 0.04710553]\n"," [0.49480079 0.73545126 0.00954079 0.4523806 ]]\n"]}]},{"cell_type":"code","source":["ones_array = np.ones((2, 3))\n","zeros_array = np.zeros((2, 3))\n","print(\"3. Array of Ones:\")\n","print(ones_array)\n","print(\"\\nArray of Zeroes:\")\n","print(zeros_array)"],"metadata":{"colab":{"base_uri":"https://localhost:8080/"},"id":"JX9t_H7V-1-w","executionInfo":{"status":"ok","timestamp":1762244923893,"user_tz":-480,"elapsed":79,"user":{"displayName":"25006355 student","userId":"12967127261872509436"}},"outputId":"b13bd85f-025c-496e-aa94-30d235c92a7f"},"execution_count":4,"outputs":[{"output_type":"stream","name":"stdout","text":["3. Array of Ones:\n","[[1. 1. 1.]\n"," [1. 1. 1.]]\n","\n","Array of Zeroes:\n","[[0. 0. 0.]\n"," [0. 0. 0.]]\n"]}]},{"cell_type":"code","source":["random_6x3 = np.random.rand(6, 3)\n","print(\"4. Random 6x3 Array:\")\n","print(random_6x3)\n","print(\"\\nTransposed Array (3x6):\")\n","print(random_6x3.T)"],"metadata":{"colab":{"base_uri":"https://localhost:8080/"},"id":"LMxyBS3y-9FU","executionInfo":{"status":"ok","timestamp":1762244942980,"user_tz":-480,"elapsed":208,"user":{"displayName":"25006355 student","userId":"12967127261872509436"}},"outputId":"b3e3bb3e-a63f-4c66-f6ba-00c156551e5d"},"execution_count":5,"outputs":[{"output_type":"stream","name":"stdout","text":["4. Random 6x3 Array:\n","[[0.90524351 0.34288921 0.12110985]\n"," [0.09649985 0.84421799 0.23761049]\n"," [0.28185396 0.43015834 0.28852106]\n"," [0.39504065 0.51767331 0.7133416 ]\n"," [0.70366459 0.62477835 0.21815065]\n"," [0.4107737  0.60469963 0.38267125]]\n","\n","Transposed Array (3x6):\n","[[0.90524351 0.09649985 0.28185396 0.39504065 0.70366459 0.4107737 ]\n"," [0.34288921 0.84421799 0.43015834 0.51767331 0.62477835 0.60469963]\n"," [0.12110985 0.23761049 0.28852106 0.7133416  0.21815065 0.38267125]]\n"]}]},{"cell_type":"code","source":["n, p, m = 2, 3, 4\n","A = np.random.rand(n, p)\n","B = np.random.rand(p, m)\n","dot_product = np.dot(A, B)\n","\n","print(\"5. Matrix A (n x p):\")\n","print(A)\n","print(\"\\nMatrix B (p x m):\")\n","print(B)\n","print(\"\\nDot Product (n x m):\")\n","print(dot_product)\n"],"metadata":{"id":"iKKW4yFP_AIc","executionInfo":{"status":"ok","timestamp":1762244966573,"user_tz":-480,"elapsed":14,"user":{"displayName":"25006355 student","userId":"12967127261872509436"}},"outputId":"e51d5b6f-f870-4a48-b49b-7f00555ec9b9","colab":{"base_uri":"https://localhost:8080/"}},"execution_count":6,"outputs":[{"output_type":"stream","name":"stdout","text":["5. Matrix A (n x p):\n","[[0.07431366 0.36538128 0.81257981]\n"," [0.14259301 0.00933783 0.89263653]]\n","\n","Matrix B (p x m):\n","[[0.81657487 0.72889916 0.37472496 0.42110995]\n"," [0.7331681  0.08783083 0.02640906 0.05153941]\n"," [0.85813238 0.21108217 0.82099881 0.69615945]]\n","\n","Dot Product (n x m):\n","[[1.02586961 0.25778001 0.70462362 0.61581086]\n"," [0.88928438 0.29317573 0.78653329 0.68194595]]\n"]}]}]}